7,Jack,4,4,Queen|603
2,10,6,Ace,2|501
5,3,3,3,3|598
4,9,Jack,3,10|680
10,Queen,4,8,8|118
King,2,2,2,7|545
King,King,4,10,4|617
7,2,7,6,7|38
King,3,2,King,3|258
3,6,10,5,9|508
Jack,5,3,3,3|263
5,10,10,5,9|408
7,8,10,Queen,4|809
2,2,Jack,Jack,2|531
5,5,10,9,Jack|924
2,Queen,King,King,9|497
4,Queen,7,9,4|101
2,3,2,3,3|970
Queen,7,5,Jack,Queen|238
10,3,3,10,10|26
King,King,Ace,Ace,4|301
2,King,2,Queen,4|914
5,4,9,3,Queen|532
2,7,King,8,6|568
7,2,2,2,2|981
9,9,9,2,2|451
Queen,3,3,6,King|312
8,Queen,8,7,Queen|212
10,9,9,2,Ace|847
6,Queen,King,4,3|686
7,5,5,7,Jack|70
3,3,Jack,10,10|308
Queen,Queen,Queen,Ace,Queen|33
7,2,4,3,Ace|442
King,4,2,5,10|71
3,6,6,King,Jack|220
3,3,8,Ace,8|281
9,7,9,7,9|360
Jack,10,10,King,King|214
3,3,7,3,2|770
Jack,2,4,5,4|116
8,8,8,8,2|63
6,6,3,5,Ace|604
10,7,2,4,Jack|812
6,6,4,6,8|630
Jack,9,8,4,King|489
5,Ace,6,10,6|245
7,7,9,9,Jack|156
5,8,5,Jack,6|269
10,9,Ace,Ace,Jack|299



